roast beef thin 1 slice	33.00	6.70	0.20	0.10	0.60	0.20	0.00	0.10
cheese spread 30 g	45.00	2.20	1.50	1.50	3.30	2.20	0.10	0.21
Bread 1 slice	85.00	3.10	11.60	0.80	2.50	0.40	1.80	0.28
semi skimmed Milk per 100 ml	50.00	3.60	4.80	4.80	1.80	1.10	0.00	0.11
chicken breast 100 g	106.00	24.00	0.00	0.00	1.10	0.30	0.00	0.20
olive oil 7.5 ml	67.50	0.00	0.00	0.00	7.50	1.10	0.00	0.00
Cauliflour 100 g	25.00	2.00	5.00	2.00	0.00	0.00	3.00	0.30
Okra 50 g	12.60	1.00	2.50	1.30	0.10	0.00	1.40	0.34
Coffee with oat 100 ml	46.00	1.00	6.60	4.10	1.50	0.20	0.80	0.10
Choux pastry 25 g	88.00	4.40	3.70	0.10	6.00	3.50	0.10	1.36
egg sainsburys L 1 piece	85.00	8.30	0.00	0.00	5.70	1.60	0.00	0.22
egg sainsburys M 1 piece	72.00	7.10	0.00	0.00	4.80	1.40	0.00	0.19
green beans 80 g	25.00	1.70	2.50	1.80	0.30	0.00	2.70	0.00
prawns 80 g	51.00	11.90	0.00	0.00	0.40	0.20	0.00	1.00
bubble tea 16 oz	278.00	1.20	68.00	22.00	0.60	0.40	0.50	0.00
baked beans heinz 0.5 can	136.00	9.50	19.60	3.90	0.40	0.00	7.50	0.90
sunflower oil 7.5 ml	67.50	0.00	0.00	0.00	7.50	0.00	0.00	0.00
thin pasta cooked 100 g	176.00	5.80	35.70	1.10	0.70	0.20	2.20	0.10
pasta sauce 100 g	37.00	1.50	6.00	4.60	0.50	0.20	1.30	0.73
kidney beans 130 g	145.00	10.00	17.60	0.90	1.00	0.20	12.50	0.10
brown rice 100 g	143.00	3.30	31.20	0.20	1.10	0.00	1.50	0.00
quaker golden syrup 36 g	143.00	3.10	26.00	6.90	2.60	0.30	2.10	0.00
custard 100 g	105.00	2.50	16.70	10.70	3.00	1.40	0.00	0.15
cereal 30 g	113.00	2.10	25.00	2.40	0.00	0.00	0.90	0.00
ham thin 1 slice	13.00	1.80	0.10	0.10	0.60	0.20	0.10	0.10
chicken thigh fillets 100 g	161.00	18.30	0.00	0.00	9.80	2.60	0.00	0.00
quaker original without milk 36g	143.00	8.10	20.00	0.40	2.90	0.40	2.70	0.00
quaker original with milk 190 ml	238.00	15.00	29.00	9.60	6.30	2.50	2.70	0.27
cabbage 75 g	17.00	0.90	4.10	0.00	0.10	0.00	1.40	0.00
salmon fillet 94 g	197.00	23.80	0.00	0.00	11.30	1.50	0.00	0.00
paprika 1 tsp	19.00	1.00	3.70	0.00	0.00	0.00	2.40	0.00
salad tomato 80 g	14.00	0.40	2.40	0.00	0.00	0.00	0.80	0.00
carrots 100 g	43.00	0.40	7.40	7.00	0.40	0.00	3.90	0.10
Dark chocolate 70% 100 g	592.00	10.00	14.00	7.00	55.00	30.00	0.00	0.03
fried korean chicken 85 g	219.00	12.00	14.00	7.10	13.00	1.70	0.60	5.20
Greek Yoghurt 100g	124.00	4.20	5.50	5.40	9.50	6.30	0.00	0.10
smoked cheese 1 slice	75.00	5.20	0.00	0.00	6.00	4.00	0.00	0.80
Roast beef 100 g	121.00	18.70	0.00	0.00	3.70	1.30	0.00	8.69
Double cream 30 ml	140.00	0.50	0.50	0.50	15.20	9.40	0.00	0.10
butter 100 g	744.00	0.60	0.60	0.60	82.00	52.00	0.00	1.70
veggie pakchoi mushroom 100 g	42.00	2.10	7.10	0.70	0.00	0.00	2.10	0.00
tuna steak 100 g	138.00	30.80	0.00	0.00	1.60	0.28	0.54	0.00
roast Duck 0.5 pack	261.00	15.00	28.60	10.40	9.40	2.40	1.10	0.90
KFC fries 1 medium	365.00	4.00	48.00	0.30	17.00	2.70	4.40	2.46
KFC hot wings kfc 1 piece	88.00	4.50	2.60	0.00	6.50	2.30	0.00	1.05
KFC chicken leg 1 piece	179.00	17.00	4.00	0.00	11.00	2.40	0.00	4.69
KFC chicken wing 1 piece	130.00	10.00	3.00	0.00	8.00	2.00	0.00	3.80
mince beef 5% fat 100 g	124.00	20.80	0.00	0.00	4.50	2.00	0.00	0.30
chopped can tomatoes 0.5 can	47.00	2.60	7.20	7.20	0.40	0.00	2.00	0.20
lunch tongue 1 slice	41.00	4.00	0.20	0.20	2.70	1.00	0.00	0.60
sirloin steak 227 g	456.00	49.00	0.00	0.00	28.80	12.70	0.00	0.60
chicken thigh 1 piece	278.00	31.00	0.00	0.00	18.00	5.40	0.00	0.00
canned tomato 190 g	30.00	1.50	6.60	4.80	0.00	0.00	3.60	0.00
burger 170 g	272.00	32.30	1.30	0.10	15.60	7.50	0.50	1.53
one bun 90 g	240.00	8.60	42.90	3.50	3.20	1.30	2.60	0.60
starbucks tesco skinny 100 ml	35.00	2.80	4.00	3.70	0.90	0.60	0.00	0.09
oat tesco 50 g	181.00	5.20	30.30	0.60	3.50	0.50	4.20	0.00
tuna one can 56 g	61.00	13.90	0.00	0.00	0.60	0.20	0.00	0.60
egg white 33g	17.00	3.60	0.00	0.00	0.00	0.00	0.00	0.00
egg plant 1 medium	132.00	6.00	31.00	13.00	1.00	0.00	19.00	0.00
calamari oven baked 0.5 pack	247.00	7.50	23.60	0.40	13.40	0.00	1.30	1.80
pork medalion 125 g	168.00	28.00	1.30	0.20	5.60	2.20	0.60	0.10
fillet steak beef 170 g	263.00	35.50	0.00	0.00	13.40	6.50	0.00	0.20
pork toungue 1 slice	41.00	4.00	0.20	0.20	2.70	1.00	0.00	0.60
ham tesco 100 g	116.00	21.50	2.60	2.50	2.20	0.70	0.00	1.50
veggie picnic egg 3 piece	150.00	8.20	10.90	1.10	7.60	0.90	2.60	0.70